0.138718
0
0.031077
0.058824
0.235294
0.470588
0.058824
0.352941
0.058824
0.411765
0.529412
0.411765
0.374332
0.058824
0.352941
0.096886
0
0.352941
0
0
0
0
0.058824
0.152941
0.235294
0.305503
0.155321
0.058824
0
0.117647
0
0.058824
0.058824
0.294118
0.117647
0.588235
0.114046
0.352941
0
0.176471
0.486962
0.875862
0
0.326203
0.359477
0.176471
0
0.239351
0.823529
0
0.063939
0.058824
0.220114
0.117647
0
0.093306
0.705882
0.176471
0
0
0.173375
0
0.176471
0.239351
0.294118
0.176471
0
0
0.294118
0.296535
0
0.058824
0
0.235294
0.057389
0.058824
0.359477
0.239351
0
0.411765
0.705882
0.176471
0.705882
0.058824
0
0
0.647059
0
0.615825
0
0.117647
0.588235
0.198728
0.294118
0.294118
0.031077
0.058824
0
0.093306
0.176471
0
0
0.588235
0
0.941176
0.176471
0.173375
0.305503
0
0.173375
0.176471
0
0.058824
0.031077
0.058824
0.739367
0.220114
0
0
0.882353
0.305503
0.045752
0.226244
0.117647
0
0.598377
0
0.117647
0.005348
0.031077
0
0.138718
0
0.093306
0
0.114046
0.234389
0.365754
0.745554
0.486962
0
0.374332
0.117647
0
0.117647
0.235294
0.114046
0.235294
0
0.305503
0.529412
0
0.235294
0.058824
0.052632
0.239351
0.058824
0.423001
0.058824
0.117647
0.058824
0
0
0.058824
0.176471
0.176471
0.294118
0.117647
0.176471
0.235294
0.117647
0.114046
0.058824
0.294118
0.176471
0.082353
0.529412
0
0.411765
0.117647
0
0
0.058824
0.058824
0.352941
0.518283
0
0.176471
0
0.058824
0.588235
0
0
0.058824
0.114046
0.305503
0.042017
0
0.176471
0.235294
0.058824
0.470588
0.528872
0
0
0.176471
0.66858
0.176471
0.176471
0.290479
0.290479
0.005348
0.058824
0.235294
0.823529
0
0.117647
0
0.058824
0.117647
0.529412
0.411765
0.352941
0.162791
0.423001
0
0
0.155321
0
0.176471
0.058824
0
0.104575
0.529412
0.588235
0.117647
0.063939
0.294118
0
0.239351
0.063939
0.082353
0.296535
0.117647
0
0
0
0.234389
0.529412
0.063939
0.470588
0.234389
0
0.117647
0.261438
0.058824
0.008285
0
0.008285
0.176471
0.173375
0.176471
0.176471
0
0
0.235294
0.117647
0.176471
0.460208
0.460208
0.117647
0
0.117647
0.173375
0.810648
0.239351
0.058824
0.176471
0.117647
0.058824
0
0.176471
0.470588
0.234389
0.176471
0.551261
0.117647
0.058824
0
0.058824
0
0
0.764706
0.239351
0.411765
0
0
0.093306
0.058824
0
0
0.005348
0.176471
0.374332
0.239351
0
0.117647
0.294118
0.173375
0.058824
0.359477
0
0.235294
0.198728
0.058824
0.058824
0
0.058824
0.235294
0
0
0.234389
0.352941
0.058824
0.117647
0.058824
0.598377
0
0.117647
0.176471
0.588235
0
0.093306
0.235294
0
0.058824
0
0.882353
0
0
0.296535
0.058824
0.176471
0.411765
0.057389
0
0.096886
0.445378
0.294118
0.058824
0.117647
0.352941
0.176471
0.117647
0.058824
0.162791
0.058824
0
0.031077
0.058824
0.359477
0.162791
0.058824
0
0.058824
0.66858
0.615825
0.058824
0
0.058824
0.352941
0.294118
0.162791
0.003056
0.058824
0.058824
0
0.294118
0.235294
0.486962
0.352941
0.411765
0
0
0.176471
0.162791
0.117647
0.058824
0.326203
0.058824
0.117647
0.045752
0.294118
0.176471
0.117647
0.296535
0
0
0.058824
0.058824
0
0.058824
0
0.647059
0.176471
0
0.176471
-0.045249
0
0.176471
0.155321
0.470588
0.058824
0
0.705882
0.235294
0.117647
0
0.138718
0.810648
0.045752
0.096886
0.551261
0.042017
0
0
0.058824
0.739367
0.176471
0.117647
0
0.096886
0
0.082353
0.359477
0.680603
0.352941
0.042017
0.326203
0.220114
0
0.551261
0.117647
-0.048443
0.529412
0
0
0.486962
0.235294
0
0
0.235294
0.117647
0.235294
0.235294
0.063939
0.176471
0.326203
0.470588
0.294118
0.058824
0
0.235294
0.082353
0.294118
0.058824
0
0
0.058824
0.235294
0.296535
0
0.326203
0.235294
0
0.058824
0.117647
0.359477
0.176471
0
0.235294
0.058824
0.173375
0.063939
0.528872
0
0.117647
0.058824
0.058824
-0.058824
0.460208
0
0.082353
0.176471
-0.037647
0
0.529412
0.058824
0.294118
0.176471
0.138718
0.058824
0
0.058824
0
0
0.460208
0.705882
0.423001
0.176471
0.058824
0
0.66858
0.058824
0.66858
0.058824
0.235294
0
0.176471
0.598377
0
0.117647
0
0.294118
0
0
0.005348
0.470588
0.486962
0
0.058824
0.239351
0.082353
0.117647
0
0
0
0
0.226244
0.529412
0
0.058824
0.005348
0.117647
0
0.058824
0.005348
0.294118
0.411765
0.016807
0.411765
0.235294
0.117647
0.058824
0.39257
0.058824
0
0.470588
0.234389
0.176471
0.59276
0.529412
0.239351
0
0.082353
0.117647
0
0.359477
0.117647
0
0.058824
0
0
0
0.460208
0.588235
0.411765
0.460208
0.057389
0.058824
0.290479
0
0.374332
-0.03268
0
0.058824
0
0.234389
0.016807
0.176471
0.138718
0.294118
0.294118
0.460208
0
0
0.057389
0.104575
0.176471
0.875862
0.239351
0.440622
0.058824
0
0.058824
0.411765
0.058824
0.615825
0.305503
0
0.176471
0.470588
0.096886
0
0.058824
0.941176
0.294118
0.063939
0.470588
0.176471
0.057389
0.117647
0.411765
0
0.235294
0.235294
0.058824
0.058824
0
0.162791
0.598377
0.058824
0
0
0.063939
0.058824
0.647059
0.411765
0.058824
0
0.176471
0.235294
0.235294
0.117647
0.411765
0.588235
0.294118
0.359477
0.152941
0
0
0.647059
0
0.176471
0.486962
0.117647
0.235294
0.058824
0
0.058824
0
0.117647
0.058824
0.423001
0
0.220114
0.551261
0.176471
0.058824
0
0.058824
0.058824
0
0.176471
0.411765
0.528872
0
0
-0.001417
0.326203
0.005348
0.058824
0
0.117647
0.058824
0.114046
0.058824
0.551261
0.058824
-0.037647
0.296535
0.058824
0.058824
0.058824
0.423001
0.117647
0.058824
0.294118
0.486962
0.234389
0.411765
0
0.058824
0.359477
0
0.359477
0.261438
0.058824
0.082353
0.486962
0.114046
0.058824
0.058824
0.052632
0.104575
0
0.117647
0.058824
0
0.882353
0.176471
0.058824
0
0.058824
0.058824
0.615825
0.226244
0.058824
0
0.117647
0
0.290479
0
0
0.226244
0
0.235294
0
0.117647
0.176471
0.005348
0.294118
0.058824
0.176471
0.058824
0.057389
0.117647
0
0.117647
0
0.235294
0.104575
0.235294
0.235294
0.261438
0
0.138718
0.647059
0
0.445378
0.058824
0.235294
0.058824
0.326203
-0.021672
0.486962
0
0
0.66858
0.235294
0.588235
0.058824
0.176471
0
0.058824
0.117647
0.294118
0.470588
0
0.176471
0.058824
0.235294
0.005348
0
0.052632
0.176471
0
0
0.058824
0.042017
0.365754
0.294118
0
0.588235
0.114046
0.294118
0.647059
0.117647
0.680603
0.176471
0.220114
0.063939
0.058824
0.058824
0
0.294118
0
0.176471
0.296535
0
0.176471
0.941176
0.764706
0.117647
0.423001
0.117647
0.155321
0.117647
0.155321
0.04083
0
0.352941
0.588235
0
-0.058824
0.117647
0.374332
0.057389
0.117647
0
0.117647
0.359477
0.647059
0
0
0
0
0
0.058824
0.551261
0.117647
0.031077
0.176471
0.117647
0.460208
0.058824
0.058824
0.058824
0.296535
0.173375
0.155321
0
0.117647
0.235294
0.235294
0.042017
0.176471
0.058824
0
0.296535
0.305503
0.235294
0.234389
0.176471
0.235294
0.365754
0.486962
0.352941
0
0.235294
0.058824
0.359477
0.058824
0.058824
0.117647
-0.026738
0
0.234389
0.235294
0.647059
0.176471
0.486962
0.058824
0.680603
0.173375
0
0
0
0.518283
0
0
0.117647
0.176471
0
0.176471
0
-0.021672
0.058824
0
0.705882
0.063939
0.016807
0.176471
0.058824
0.058824
0.058824
0.176471
0.882353
0.114046
0.294118
0.117647
0
0
0.057389
0.117647
0
0.823529
0
0.235294
0
0.365754
0
0.198728
0.058824
0.082353
0
0.093306
0.117647
0.235294
0.058824
0.226244
0.470588
0
0.058824
0.588235
0.705882
0
0.058824
0.823529
0.096886
0.359477
0
0
0
0.117647
0.058824
0
0
0.235294
0
0.294118
0.117647
0.176471
0
0.411765
0
0.529412
0.052632
0.235294
0.058824
0.176471
0.176471
0.173375
0.117647
0.117647
0
0.220114
0.39257
0
0.117647
-0.029815
0
0.176471
0.529412
0.117647
0
0.058824
0.411765
0
0.352941
0.114046
0.058824
0.058824
0.529412
0.058824
0.117647
0
0.352941
0.66858
0
0.176471
0
0.057389
0.39257
0
0.176471
0.114046
0.470588
0.117647
0
0.008285
