0.117647
0.680603
0
0.057389
0
0.647059
0.875862
0.114046
0.352941
0.529412
0.470588
0.235294
0.220114
0.104575
0.470588
0
0.117647
0.411765
0.176471
0.423001
0.941176
0.529412
0
0
0.235294
0
0.352941
0.529412
0
0.057389
0
0.096886
0.551261
0.176471
0.058824
0
0.294118
0.114046
0.588235
0.588235
0.294118
0.058824
0.117647
0.529412
0
0
0.176471
0.470588
0
0.114046
-0.029815
0
0
0.058824
0.117647
0.705882
0.705882
0.423001
0.294118
0.058824
0
0.058824
0
0.176471
0.058824
0.305503
0
0
0.058824
0.117647
0
0.411765
0
0
0.445378
0.745554
0.176471
0
0.261438
0
0.235294
0.117647
0
0.176471
0.518283
0
0
0.588235
0
0.810648
0.117647
0
0.359477
0
0.705882
0.470588
0.882353
1
0
0.234389
0.045752
0.176471
0.058824
0
0.294118
0
0.096886
0.352941
0.176471
0.155321
0.057389
0.440622
0.176471
0.173375
0.235294
0.518283
0.551261
0
0.003056
0.411765
0
-0.037647
0.234389
0.647059
0
0.615825
0.326203
0.445378
0.39257
0
0.117647
0
0.176471
0.647059
0.058824
0.058824
0
0.176471
0.117647
0.058824
0.528872
0
0.058824
0
0.294118
0.138718
0.352941
0.296535
0.588235
0
0
0
0.352941
0
0
0.705882
0.117647
0.117647
0
0.058824
0.176471
0.005348
0
0.058824
0.176471
0.529412
0.261438
0.058824
0.176471
0.352941
0.117647
0
0.66858
0.058824
0.220114
0
0.352941
0
0
0
0
0.058824
0.647059
0
0.117647
0.235294
0.058824
0.058824
0.239351
0
0.470588
0.359477
0
0.528872
0.058824
0.226244
0.261438
0
0.294118
0.294118
0.117647
0
0.117647
0.058824
0.470588
0.529412
0
0.235294
0
0
0
0.176471
0
0.294118
0.235294
0
0.235294
0
0
0.705882
0.261438
0.173375
0
0.173375
0.058824
0.352941
0.058824
0.058824
0.647059
0
0.294118
0.235294
0.440622
0.470588
0.082353
0.294118
0.235294
0.226244
0
0
0.176471
0.176471
0
0.518283
0.058824
0.117647
0
0.235294
0.235294
0
0.117647
0.173375
0.058824
0.058824
0.875862
0.365754
0.058824
0.058824
0.198728
0
0.117647
0
0
0.005348
0.058824
0.352941
0
0
0.352941
0.941176
0
0.261438
0
0
0
0.176471
0.117647
0.551261
0.176471
0
0.117647
0.198728
0.176471
0.359477
0.058824
0.411765
0.411765
0
0.588235
0.176471
0.176471
0
0.941176
0.59276
0.470588
0.352941
0.117647
0.117647
0.117647
0
0
0
0.117647
0.352941
0.39257
0
0
0
0.764706
0.058824
0
0.057389
0.117647
0.063939
0.529412
0.365754
0.114046
0
0.058824
0
0
0
0.058824
0
0.057389
0
0.117647
0.875862
0
0.352941
0
0
0.058824
0.745554
0.411765
0
0.411765
0.411765
0.005348
0.588235
0.117647
0.058824
0
1
0
0.352941
0.058824
0.057389
0.411765
0.058824
0.235294
0.882353
0
0
0
0.352941
0
0.117647
-0.058824
0.359477
0
0.058824
0.294118
0.058824
0.176471
0
0.486962
0.117647
0
0.117647
0.359477
0.117647
0.239351
0.294118
0.810648
0.058824
0
0.117647
0.096886
0
0
0
0.058824
0.764706
0.058824
0
0.058824
0
0.176471
0.411765
0
0.294118
0.235294
0.705882
0
0.176471
0.162791
0
0.176471
0
0.176471
0
0.117647
0.326203
0.117647
0.058824
0
0.176471
0.117647
0.460208
0.117647
0
0.063939
0
0.352941
0.176471
0.176471
0.882353
0.117647
0.176471
0.470588
0.529412
0.235294
0.470588
0.117647
0.296535
0.352941
0.117647
0.445378
0.176471
0
0.294118
0.058824
0.234389
0
0.234389
0
0.235294
0.235294
0.176471
0.470588
0.365754
0
0
0.117647
0.411765
0.058824
0.235294
0.058824
0
0.647059
0.058824
0.058824
0.705882
0
0.058824
0.058824
0.176471
0.058824
0.058824
0
0.117647
0
0
0.764706
0
0.176471
0.058824
0.173375
0.176471
0.823529
0
0
0.058824
0.058824
0.058824
0.470588
0.235294
0.042017
0
0.235294
0.117647
0.235294
0
0.114046
0.234389
0.445378
0.176471
0.294118
0
0
0.058824
0.058824
0
0.058824
0
0.294118
0
0.176471
0.176471
0.352941
0.411765
0.058824
0.470588
0
0.305503
0
0.045752
0
0.058824
0.294118
0.058824
0.176471
0.016807
0.058824
0.176471
0.411765
0.411765
0.058824
0
0
0
0.745554
0.588235
0
0
0
0.058824
0
0
0.176471
0.117647
0.294118
0
0.470588
0.352941
0
0.176471
-0.032999
0.058824
0
0.058824
0.117647
0.058824
0.423001
0.176471
0.176471
0
0.058824
0
0.057389
0
0.235294
0.117647
0.176471
0.058824
0.294118
0.045752
0.058824
0
1
0.941176
0.460208
0
0.058824
0.176471
0.063939
0.764706
0.352941
0.882353
0.294118
0
0.063939
0.359477
0.176471
0.117647
-0.058824
0.176471
0.176471
0
-0.037647
0.117647
0
0
0.058824
0.235294
0
0
0.352941
0.117647
0.647059
0.058824
0.058824
0.058824
0.235294
0.198728
0.705882
0.003056
0.138718
0.294118
0.882353
0.647059
0.529412
0
0
0.008285
0.058824
0.305503
0.460208
0
0.058824
0.470588
0
0.058824
0.058824
0.588235
0.058824
0.294118
0
0.294118
0.058824
0
0.117647
0.470588
0
0
0.057389
0.486962
0.117647
0
0.588235
0.117647
0
0.352941
0.823529
0.235294
0.235294
0.176471
0.117647
0
0.176471
0.176471
0
0
0.176471
0.057389
0
0.117647
0.082353
0.058824
0
0
0.005348
0.411765
0
0.423001
0
0.058824
0.411765
0.294118
0.058824
0
0.117647
0.058824
0.941176
0.294118
0
0.058824
0.176471
0.326203
0.176471
0.745554
0.117647
0.235294
0.176471
0.117647
0.882353
0.235294
0.117647
0
0.117647
0
0.176471
0.058824
0.173375
0
0
0
0.305503
0.745554
0
0
0
0.058824
0.058824
0.359477
0
0
0
0.117647
0.823529
0.352941
0.823529
0
0
0
0
0
0
0.176471
0.176471
0
0.058824
0.058824
0
0.235294
0.235294
0.486962
0.058824
0.117647
0.058824
0.198728
0.235294
0.411765
0
0.117647
0.176471
0.39257
0.198728
0.058824
0
0.058824
0
0.615825
0
0.058824
0
0
0.117647
0.117647
0.058824
0
0.117647
0.138718
0.058824
0.486962
0.058824
0.518283
0.294118
0
0.058824
0.615825
0.176471
0.294118
0.031077
0
0.176471
0.529412
0.764706
0.114046
0.588235
0.117647
0.058824
0
0
0.096886
0
0.680603
0.058824
0.104575
0
0.008285
0
0.117647
0
0.705882
0.117647
0.117647
0
0.176471
0.058824
0
0.117647
0
0
0.176471
0.411765
0
0.294118
0
0.063939
-0.03268
0.058824
0.176471
0.117647
0
0.411765
0
0.647059
0.058824
0.647059
0.588235
0.008285
0.875862
0.529412
0.058824
-0.021672
0
0.882353
0.615825
0
0
0.235294
0.823529
0.59276
0.176471
1
0.173375
0.117647
0.058824
0.39257
0.470588
0
0
0.176471
0
0.093306
0.59276
0.058824
0
0
0.220114
0.176471
0.235294
0
0
0
0
0
0.226244
0.294118
0.058824
0.117647
0.117647
0.176471
0.823529
0
0
0.117647
0.470588
0.235294
0.551261
0.176471
0.470588
0.176471
0.176471
0
0.411765
0.365754
0.058824
0.176471
0
0
0.823529
0.359477
0.117647
0
0.705882
0.220114
0.705882
0.39257
0.220114
0.117647
0
0
0.058824
0
0.058824
0
0.423001
0.058824
0
0.551261
0.058824
0
0.058824
0.588235
0.220114
0
0
0.680603
0.598377
0.882353
0.176471
0
0.176471
0.705882
0.615825
0
0.294118
0.117647
0.941176
0
0.529412
0
0
0
1
0
0.745554
0
0
0.117647
0.117647
0
0.176471
0
0
0
0.588235
0.138718
0.226244
0.176471
0.294118
0.058824
0
0.234389
0.152941
0
0.359477
0.176471
0.176471
0.058824
0.529412
0.235294
0.239351
0.117647
0
0
0
0
0.117647
0.810648
0.518283
0.058824
0.117647
0.117647
0.176471
0.117647
0.470588
0
0.162791
0.411765
0.058824
0.647059
0
0.235294
0.823529
0.096886
0.470588
0.529412
0.138718
0
0.882353
0.365754
0.411765
0.176471
0
0.588235
0.352941
0
0
0
0.058824
0.114046
0.058824
0.529412
0.66858
0
0.411765
0.294118
0
0.261438
0.162791
0.352941
0.058824
0
0.352941
0
0.411765
0.294118
0
0.528872
0
0
0.234389
0.058824
0.359477
0.411765
0.058824
0.117647
